[gd_scene load_steps=5 format=1]

[ext_resource path="res://scenes/ItemPegavel.gd" type="Script" id=1]
[ext_resource path="res://meshes/Rodo.scn" type="PackedScene" id=2]

[sub_resource type="CapsuleShape" id=1]

radius = 1.69373
height = 3.30322

[sub_resource type="Animation" id=2]

length = 2.0
loop = true
step = 0.1
tracks/0/type = "value"
tracks/0/path = NodePath(".:transform/rotation")
tracks/0/interp = 1
tracks/0/imported = false
tracks/0/keys = {
"times": FloatArray( 0, 2 ),
"transitions": FloatArray( 1, 1 ),
"update": 0,
"values": [ Vector3( 0, 0, 13.2637 ), Vector3( 0, 360, 13.2637 ) ]
}

[node name="Spatial" type="Spatial"]

_import_transform = Transform( 1, 0, 0, 0, 1, 0, 0, 0, 1, 0, 0, 0 )
transform/local = Transform( -0.675807, 0.159302, 0.719658, 0.229434, 0.973324, 0, -0.700461, 0.165114, -0.694329, 0, 0, 0 )
script/script = ExtResource( 1 )

[node name="Area" type="Area" parent="."]

_import_transform = Transform( 1, 0, 0, 0, 1, 0, 0, 0, 1, 0, 0, 0 )
transform/local = Transform( 1, -7.45058e-09, 0, 7.45058e-09, 1, -7.45058e-09, 2.98023e-08, 7.45058e-09, 1, 0, 0, 0 )
input/ray_pickable = false
input/capture_on_drag = false
shape_count = 1
shapes/0/shape = SubResource( 1 )
shapes/0/transform = Transform( 0.522231, -0.852776, -0.00706413, 0.0647005, 0.0478796, -0.996756, 0.850346, 0.520079, 0.0801787, 0.000874281, 2.0756, 0.0935862 )
shapes/0/trigger = false
space_override = 0
gravity_point = false
gravity_distance_scale = 0.0
gravity_vec = Vector3( 0, -1, 0 )
gravity = 9.8
linear_damp = 0.1
angular_damp = 1.0
priority = 0.0
monitoring = true
monitorable = true
collision/layers = 1
collision/mask = 1

[node name="CollisionShape" type="CollisionShape" parent="Area"]

_import_transform = Transform( 1, 0, 0, 0, 1, 0, 0, 0, 1, 0, 0, 0 )
transform/local = Transform( 0.522231, -0.852776, -0.00706413, 0.0647005, 0.0478796, -0.996756, 0.850346, 0.520079, 0.0801787, 0.000874281, 2.0756, 0.0935862 )
shape = SubResource( 1 )
trigger = false
_update_shape_index = 0

[node name="Rodo" parent="." instance=ExtResource( 2 )]

transform/local = Transform( 0.00483106, -0.00188042, -0.199933, -0.00478961, -0.199935, 0.00176479, -0.199884, 0.00474521, -0.00487447, 0.000348479, 2.52252, -0.0351742 )

[node name="AnimationPlayer" type="AnimationPlayer" parent="."]

playback/process_mode = 1
playback/default_blend_time = 0.0
root/root = NodePath("..")
anims/RotateItem = SubResource( 2 )
playback/active = true
playback/speed = 1.0
blend_times = [  ]
autoplay = "RotateItem"


